id,first,last_name,email
1,Alice,Johnson,alice@example.com
2,Bob,Smith,bob@example.com
3,Charlie,Brown,charlie@example.com
4,David,White,david@example.com
5,Eve,Black,eve@example.com
6,Frank,Green,frank@example.com
7,Grace,Blue,grace@example.com
8,Hannah,Red,hannah@example.com
9,Ivan,Yellow,ivan@example.com
10,Jack,White,jack@example.com
